#bootstrap
#sample size n
#take sample of size n from the n sized sample
#replicate the process
#calculate sd of sample means

#1: from the scratch
raw_sample <- c(576,635,558,578,666,580
                ,555,661,651,605,653,575,545,572,594)